10
x[0] = 9642.863006
x[1] = 9464.288549
x[2] = 9642.858268
x[3] = 9464.288549
x[4] = 8571.429860
x[5] = 9464.286254
x[6] = 9642.858268
x[7] = 9464.286254
x[8] = 9642.857442
