10
x[0] = 0.979720
x[1] = 0.978157
x[2] = 0.976965
x[3] = 0.980158
x[4] = 0.983330
x[5] = 0.951149
x[6] = 0.934943
x[7] = 0.911222
x[8] = 0.936895
x[9] = 0.954669
x[10] = 0.879011
x[11] = 0.769001
x[12] = 0.431000
x[13] = 0.770804
x[14] = 0.882258
x[15] = 0.952535
x[16] = 0.936201
x[17] = 0.912270
x[18] = 0.937699
x[19] = 0.955229
x[20] = 0.982492
x[21] = 0.980651
x[22] = 0.979019
x[23] = 0.981713
x[24] = 0.984402
